32
1 2 3 4 3 4 5 6 9 8 7 6 4 3 2 1 1 2 3 4 3 4 5 6 9 8 7 6 4 3 2 1
4 6 7 8 5 6 9 2 1 3 4 5 8 9 4 2 4 6 7 8 5 6 9 2 1 3 4 5 8 9 4 2
5 2 3 4 4 5 9 2 1 4 5 7 8 9 5 3 5 2 3 4 4 5 9 2 1 4 5 7 8 9 5 3
7 6 7 8 0 3 5 7 8 9 1 3 5 6 2 8 7 6 7 8 0 3 5 7 8 9 1 3 5 6 2 8
1 2 3 4 3 4 5 6 9 8 7 6 4 3 2 1 5 6 7 8 5 4 3 2 1 5 6 7 8 9 5 3
4 6 7 8 5 6 9 2 1 3 4 5 8 9 4 2 5 6 7 8 4 3 2 1 5 6 7 8 9 4 3 2
5 2 3 4 4 5 9 2 1 4 5 7 8 9 5 3 5 6 7 8 5 6 7 8 4 5 6 7 5 3 2 3
7 6 7 8 0 3 5 7 8 9 1 3 5 6 2 8 1 2 3 4 5 6 7 8 4 3 2 1 4 3 2 1
1 2 3 4 3 4 5 6 9 8 7 6 4 3 2 1 5 6 7 8 5 4 3 3 2 1 6 7 5 3 2 3
4 6 7 8 5 6 9 2 1 3 4 5 8 9 4 2 7 6 7 8 0 3 5 7 8 9 1 3 5 6 2 8
5 2 3 4 4 5 9 2 1 4 5 7 8 9 5 3 5 6 7 8 4 3 2 1 5 4 3 2 1 8 9 0
7 6 7 8 0 3 5 7 8 9 1 3 5 6 2 8 1 2 3 4 4 3 2 1 4 3 2 5 6 7 8 4
1 2 3 4 3 4 5 6 9 8 7 6 4 3 2 1 4 6 7 8 5 6 9 2 1 3 4 5 8 9 4 2
4 6 7 8 5 6 9 2 1 3 4 5 8 9 4 2 1 2 3 4 5 6 7 8 4 3 2 1 4 3 2 1
5 2 3 4 4 5 9 2 1 4 5 7 8 9 5 3 5 2 3 4 4 5 9 2 1 4 5 7 8 9 5 3
7 6 7 8 0 3 5 7 8 9 1 3 5 6 2 8 1 2 3 4 3 4 5 6 9 8 7 6 4 3 2 1
4 3 2 1 5 6 7 8 4 3 2 1 2 3 5 6 7 6 7 8 0 3 5 7 8 9 1 3 5 6 2 8
5 6 7 8 5 4 3 2 1 5 6 7 8 9 5 3 4 6 7 8 5 6 9 2 1 3 4 5 8 9 4 2
1 2 3 4 4 3 2 1 4 3 2 5 6 7 8 4 5 6 7 8 5 6 7 8 4 5 6 7 5 3 2 3
5 6 7 8 5 6 7 8 2 1 3 5 6 7 4 3 5 2 3 4 4 5 9 2 1 4 5 7 8 9 5 3
4 3 2 1 4 3 2 1 5 6 7 8 5 4 3 2 7 6 7 8 0 3 5 7 8 9 1 3 5 6 2 8
5 6 7 8 4 3 2 1 5 6 7 8 9 4 3 2 7 6 7 8 0 3 5 7 8 9 1 3 5 6 2 8
1 2 3 4 5 6 4 2 8 7 9 0 5 4 3 3 5 6 7 8 4 3 2 1 5 4 3 2 1 8 9 0
5 6 7 8 4 3 2 1 0 6 0 4 3 2 6 0 1 2 3 4 3 4 5 6 9 8 7 6 4 3 2 1
4 3 2 1 5 6 7 8 2 5 6 7 8 4 6 3 1 2 3 4 4 3 2 1 4 3 2 5 6 7 8 4
5 6 7 8 4 3 2 1 5 4 3 2 1 8 9 0 1 2 3 4 4 3 2 1 4 3 2 5 6 7 8 4
1 2 3 4 4 5 6 7 8 9 3 2 1 5 6 4 5 2 3 4 4 5 9 2 1 4 5 7 8 9 5 3
5 6 7 8 5 6 7 8 4 5 6 7 5 3 2 3 1 2 3 4 4 3 2 1 4 3 2 5 6 7 8 4
4 3 2 1 5 6 7 8 9 3 2 1 3 5 4 6 5 2 3 4 4 5 9 2 1 4 5 7 8 9 5 3
5 6 7 8 5 4 3 3 2 1 6 7 5 3 2 3 5 2 3 4 4 5 9 2 1 4 5 7 8 9 5 3
1 2 3 4 5 6 7 8 4 3 2 1 4 3 2 1 7 6 7 8 0 3 5 7 8 9 1 3 5 6 2 8
5 6 7 8 4 3 2 1 4 5 6 7 4 3 2 2 1 2 3 4 5 6 7 8 4 3 2 1 4 3 2 1